0 0 35 91
5
5
16
140 180 2 0 true
35 66 0 0 2
226 90 1
35 38 0
83 19 0 2 2
463 25 1
83 47 2
327 20 0 1 2
132 40 3
385 20 1
379 35 0 1 1
596 35 1
427 35 0 3 2
91 55 3
741 55 1
473 35 0 3 2
467 246 2
539 35 1
531 29 0 2 2
531 286 2
531 87 2
621 40 0 1 2
607 559 2
649 40 1
669 88 0 2 2
1 51 3
659 515 2
685 19 0 2 2
57 25 3
544 15 3
741 67 0 2 2
3 80 3
33 80 3
750 29 0 2 2
271 15 3
750 57 2
384 499 0 0 2
184 530 3
394 380 0
172 19 1 0 3
577 21 1
172 366 2
339 41 1
669 206 0 1 2
445 186 3
649 360 2
366 155 2 2 3
366 557 2
366 50 0
366 170 2
